325,240
324,240
324,240
324,240
324,240
324,240
324,240
324,240
324,240
324,240
324,240
324,240
324,241
324,241
324,241
324,241
324,241
324,241
324,241
324,241
324,241
324,241
324,241
324,241
324,242
324,242
324,242
324,242
324,242
324,242
324,242
324,242
324,242
324,242
324,242
324,242
324,242
323,243
323,243
323,243
323,243
323,243
323,243
323,243
323,243
323,243
323,243
323,243
323,243
323,243
323,243
323,243
323,243
323,243
322,244
322,244
322,244
322,244
322,244
322,244
322,244
322,244
322,244
322,244
322,244
322,244
322,244
321,244
321,244
321,244
321,244
321,244
321,244
321,244
321,244
321,244
321,244
321,244
321,244
320,244
320,244
320,244
320,244
320,244
320,244
320,244
320,244
320,244
320,244
320,244
320,245
319,244
319,244
319,244
319,244
319,244
319,244
319,244
319,244
319,244
319,244
319,244
318,244
318,244
318,244
318,244
318,244
318,244
318,244
318,244
318,244
318,244
318,244
318,244
317,244
317,244
317,244
317,244
317,244
317,244
317,244
317,244
317,244
317,244
317,244
317,244
317,244
316,243
316,243
316,243
316,243
316,243
316,243
316,243
316,243
316,243
316,243
316,243
316,243
316,243
316,243
316,243
316,243
316,243
315,242
315,242
315,242
315,242
315,242
315,242
315,242
315,242
315,242
315,242
315,242
315,242
315,242
315,241
315,241
315,241
315,241
315,241
315,241
315,241
315,241
315,241
315,241
315,241
315,241
315,240
315,240
315,240
315,240
315,240
315,240
315,240
315,240
315,240
315,240
315,240
315,240
315,239
315,239
315,239
315,239
315,239
315,239
315,239
315,239
315,239
315,239
315,239
315,238
315,238
315,238
315,238
315,238
315,238
315,238
315,238
315,238
315,238
315,238
315,238
315,237
315,237
315,237
315,237
315,237
315,237
315,237
315,237
315,237
315,237
315,237
315,237
315,237
316,236
316,236
316,236
316,236
316,236
316,236
316,236
316,236
316,236
316,236
316,236
316,236
316,236
316,236
316,236
316,236
316,236
317,235
317,235
317,235
317,235
317,235
317,235
317,235
317,235
317,235
317,235
317,235
317,235
317,235
318,235
318,235
318,235
318,235
318,235
318,235
318,235
318,235
318,235
318,235
318,235
318,235
319,235
319,235
319,235
319,235
319,235
319,235
319,235
319,235
319,235
319,235
319,235
319,234
320,235
320,235
320,235
320,235
320,235
320,235
320,235
320,235
320,235
320,235
320,235
321,235
321,235
321,235
321,235
321,235
321,235
321,235
321,235
321,235
321,235
321,235
321,235
322,235
322,235
322,235
322,235
322,235
322,235
322,235
322,235
322,235
322,235
322,235
322,235
322,235
323,236
323,236
323,236
323,236
323,236
323,236
323,236
323,236
323,236
323,236
323,236
323,236
323,236
323,236
323,236
323,236
323,236
324,237
324,237
324,237
324,237
324,237
324,237
324,237
324,237
324,237
324,237
324,237
324,237
324,237
324,238
324,238
324,238
324,238
324,238
324,238
324,238
324,238
324,238
324,238
324,238
324,238
324,239
324,239
324,239
324,239
324,239
324,239
324,239
324,239
324,239
324,239
324,239

